1	2	102 0
2	1	119 0
3	1	118 1
4	3	105 0
5	2	106 0
6	4	107 0
7	5	108 1
8	2	109 0
9	6	110 1
10	2	111 0
11	1	112 0
12	4	113 1
13	3	114 0
14	2	115 0
15	1	116 0
16	4	117 0
17	2	104 1
18	3	103 0
19	3	120 0
20	1	119 0
21	1	101 0
22	2	102 0
23	5	119 0
24	6	118 0
25	2	105 1
26	1	106 0
27	4	107 0
28	2	108 0
29	3	109 0
30	4	110 0
31	1	111 1
32	2	112 0
33	1	113 0
34	1	114 0
35	4	115 0
36	2	116 1
37	5	117 0
38	3	104 0
39	4	103 0
40	5	120 0
41	6	106 0
42	1	101 0
43	5	119 0
44	1	120 1
45	3	103 0
46	2	106 1
47	1	107 0
48	3	108 0
49	2	109 0
50	4	110 0
51	2	111 1
52	3	112 0
53	4	113 1
54	4	114 0
55	2	115 0
56	1	116 0
57	2	117 0
58	3	104 0
59	4	105 0
60	5	118 0
61	6	106 1
62	4	101 0
63	3	102 0
64	2	119 0
65	4	120 0
66	1	103 1
67	2	106 0
68	4	107 0
69	5	108 0
70	3	109 0
71	3	110 0
72	4	111 0
73	2	112 0
74	1	113 0
75	2	114 1
76	3	115 0
77	4	116 0
78	3	117 0
79	2	104 0
80	1	105 1
81	1	118 0
82	3	119 0
83	2	101 0
84	4	102 0
85	5	120 1
86	2	103 0
87	6	118 0
88	2	107 0
89	1	108 1
90	4	109 0
91	3	110 0
92	2	111 0
93	1	112 0
94	6	113 0
95	1	114 1
96	5	115 0
97	1	116 0
98	3	117 0
99	2	104 0
100	1	105 1
101	3	106 0
102	3	103 0
103	4	101 0
104	2	102 0
105	1	119 0
106	2	120 0
107	3	118 0
108	4	118 1
109	3	107 0
110	2	108 0
111	1	109 0
112	1	110 1
113	4	111 0
114	3	112 0
115	2	113 0
116	1	114 0
117	4	115 0
118	2	116 1
119	3	117 0
120	3	104 0
121	1	105 0
122	1	106 0
123	2	103 1
124	5	101 0
125	3	102 0
126	3	119 0
127	4	113 1
128	5	101 0
129	1	103 0
130	2	108 1
131	3	109 0
132	3	110 0
133	4	111 0
134	4	112 0
135	2	113 1
136	3	114 0
137	4	115 1
138	5	116 0
139	3	117 0
140	4	104 0
141	5	105 1
142	2	106 0
143	1	107 0
144	4	118 1
145	2	102 0
146	3	119 0
147	3	120 0
148	1	102 1
149	1	101 0
150	2	103 1
151	5	108 0
152	6	109 0
153	2	110 0
154	1	111 0
155	4	112 0
156	2	113 0
157	3	114 1
158	4	115 0
159	1	116 0
160	2	117 0
161	1	104 0
162	3	105 0
163	4	106 1
164	1	107 0
165	2	118 1
166	3	102 0
167	4	119 0
168	3	120 0
169	4	101 0
170	1	102 1
171	3	118 0
172	2	109 0
173	1	110 0
174	1	111 0
175	3	112 0
176	2	113 0
177	4	114 1
178	5	115 0
179	2	116 0
180	6	117 1
181	2	104 0
182	1	105 0
183	4	106 0
184	3	107 0
185	4	108 0
186	5	103 0
187	6	119 0
188	3	120 0
189	2	117 0
190	1	101 0
191	3	102 0
192	2	118 1
193	4	109 0
194	2	110 0
195	3	111 0
196	4	112 0
197	4	113 0
198	2	114 1
199	1	115 0
200	2	116 0
201	3	117 0
202	4	104 0
203	5	105 1
204	6	106 0
205	4	107 0
206	3	108 1
